0     255 255 255 0

0.001 234 255 191
0.099 234 255 191

0.1   170 255 127
0.99  170 255 127

1       0 205   0
1.99    0 205   0

2       0 139   0
2.99    0 139   0

3      16  78 139
3.99   16  78 139

4      30 144 255
5.99   30 144 255

6       0 178 238
7.99    0 178 238

8       0 238 238
9.99    0 238 238

10    200 104 255
11.99 200 104 255

12    145  44 238
14.99 145  44 238

15    139   0 139
17.99 139   0 139

18    139   0   0
20.99 139   0   0

21    205   0   0
23.99 205   0   0

24    238  64   0
29.99 238  64   0

30    255 127   0
35.99 255 127   0

36    255 255   0
