0     255 255 255 0

1     234 255 191
99    234 255 191

100   170 255 127
999   170 255 127

1000  000 205 000
1999  000 205 000

2000  000 139 000
2999  000 139 000

3000  016 078 139
3999  016 078 139

4000  030 144 255
5999  030 144 255

6000  000 178 238
7999  000 178 238

8000  000 238 238
9999  000 238 238

10000 200 104 255
11999 200 104 255

12000 145 044 238
14999 145 044 238

15000 139 000 139
17999 139 000 139

18000 139 000 000
20999 139 000 000

21000 205 000 000
23999 205 000 000

24000 238 064 000
29999 238 064 000

30000 255 127 000
35999 255 127 000

36000 255 255 000


