0      255 255 255 0

0.001  234 255 191
0.099  234 255 191

0.100  170 255 127
0.99   170 255 127

1      000 205 000
1.99   000 205 000

2      000 139 000
2.99   000 139 000

3      016 078 139
3.99   016 078 139

4      030 144 255
5.99   030 144 255

6      000 178 238
7.99   000 178 238

8      000 238 238
9.99   000 238 238

10     200 104 255
11.99  200 104 255

12     145 044 238
14.99  145 044 238

15     139 000 139
17.99  139 000 139

18     139 000 000
20.99  139 000 000

21     205 000 000
23.99  205 000 000

24     238 064 000
29.99  238 064 000

30     255 127 000
35.99  255 127 000

36     255 255 000