1      255 255 255 0

1.001  234 255 191
1.099  234 255 191

1.100  170 255 127
1.999  170 255 127

2.000  000 205 000
2.999  000 205 000

3.000  000 139 000
3.999  000 139 000

4.000  016 078 139
4.999  016 078 139

5.000  030 144 255
6.999  030 144 255

7.000  000 178 238
8.999  000 178 238

9.000  000 238 238
10.999  000 238 238

11.000 200 104 255
12.999 200 104 255

13.000 145 044 238
15.999 145 044 238

16.000 139 000 139
18.999 139 000 139

19.000 139 000 000
21.999 139 000 000

22.000 205 000 000
24.999 205 000 000

25.000 238 064 000
30.999 238 064 000

31.000 255 127 000
36.999 255 127 000

37.000 255 255 000