0      255 255 255 0

0.001  234 255 191
1.099  234 255 191

2.100  170 255 127
2.99   170 255 127

3      000 205 000
3.99   000 205 000

4      000 139 000
4.99   000 139 000

5      016 078 139
5.99   016 078 139

6      030 144 255
7.99   030 144 255

8      000 178 238
9.99   000 178 238

10     000 238 238
11.99  000 238 238

12     200 104 255
13.99  200 104 255

14     145 044 238
16.99  145 044 238

17     139 000 139
19.99  139 000 139

20     139 000 000
22.99  139 000 000

23     205 000 000
25.99  205 000 000

26     238 064 000
31.99  238 064 000

32     255 127 000
37.99  255 127 000

38     255 255 255 0